voters,alternatives,condorcet,borda_picks_condorcet,plurality_picks_condorcet,all_agree,borda_and_copeland,borda_and_plurality,copeland_and_plurality
3,2,100.0,100.0,100.0,-1,-1,-1,-1
5,2,100.0,100.0,100.0,-1,-1,-1,-1
9,2,100.0,100.0,100.0,-1,-1,-1,-1
17,2,100.0,100.0,100.0,-1,-1,-1,-1
33,2,100.0,100.0,100.0,-1,-1,-1,-1
65,2,100.0,100.0,100.0,-1,-1,-1,-1
129,2,100.0,100.0,100.0,-1,-1,-1,-1
3,4,88.9,91.90101237345331,71.65354330708661,0.0,0.0,0.0,100.0
5,4,85.84,89.77166821994408,60.79916123019571,0.0,16.101694915254235,0.0,59.675141242937855
9,4,84.45,89.18886915334518,61.894612196566015,0.0,27.84565916398714,0.0,43.21543408360128
17,4,83.08,87.56620125180548,61.80789600385172,0.0,36.52482269503546,0.0,30.082742316784874
33,4,83.35,87.4505098980204,63.16736652669466,0.0,37.2972972972973,0.0,23.183183183183186
65,4,83.84,87.1421755725191,63.156011450381676,0.0,40.90346534653465,0.0,14.913366336633663
129,4,82.81,87.730950368313,63.37398864871392,0.0,43.16463059918557,0.0,11.40197789412449
3,8,72.49,84.02538281142226,47.261691267761066,0.0,0.0,24.173027989821882,67.2846237731734
5,8,65.95,83.69977255496588,48.26383623957543,5.051395007342144,18.325991189427313,24.375917767988252,34.33186490455213
9,8,61.82,84.11517308314461,40.61792300226464,5.70979570455736,18.334206390780512,26.45364064955474,38.004190675746464
17,8,60.92,84.91464215364412,40.036112934996716,6.4227226202661205,21.64790174002047,26.151484135107474,30.01535312180143
33,8,59.0,84.40677966101696,40.186440677966104,7.341463414634146,24.21951219512195,27.902439024390247,26.585365853658537
65,8,59.34,83.94000674081565,39.31580721267273,7.009345794392523,25.209050664043286,27.54549926217413,21.249385145105755
129,8,58.27,84.21142955208512,38.647674618156856,7.141145458902469,26.74335010783609,28.109273903666427,19.21878744308651
3,16,55.7,77.86355475763015,31.723518850987432,0.0,0.0,35.34988713318285,46.36568848758465
5,16,47.61,81.39046418819575,33.24931737030036,4.523764077113953,9.219316663485397,38.19431189158236,33.25062034739454
9,16,43.04,82.55111524163569,25.255576208178436,5.161516853932584,11.253511235955056,39.589185393258425,28.809691011235955
17,16,40.1,83.71571072319202,24.289276807980052,5.191986644407345,12.186978297161936,40.31719532554257,24.37395659432387
33,16,39.27,84.39011968423733,22.307104660045837,5.4832866787419725,12.086283550139964,41.57747406553598,21.982545694055656
65,16,37.68,84.26220806794055,22.18683651804671,6.562901155327343,14.265083440308088,41.47946084724005,21.020539152759948
129,16,38.18,84.23258250392875,21.712938711367208,6.826269815593659,14.445163377547718,42.04141054674862,17.923002264639276
3,32,43.18,75.68318666049096,21.815655396016677,0.0,0.0,40.33790918690602,34.09010911650827
5,32,33.06,78.97761645493043,20.568663036902603,2.420077681505826,4.257544069315805,44.53241708993128,27.427547057066032
9,32,27.36,83.88157894736842,17.214912280701753,3.9785242290748895,6.745594713656387,47.53579295154185,20.5534140969163
17,32,25.51,85.26068208545668,12.191297530380243,3.221908981071285,5.799436165928312,49.30863203114512,20.86186065243657
33,32,23.31,87.43028743028744,11.668811668811669,3.3511539966097272,6.324162211500847,49.65445299256748,17.603338114486895
65,32,23.07,87.21283051582141,11.703511053315994,3.96464318211361,6.733393994540491,51.566359027687504,16.170544650981412
129,32,23.11,87.40804846386845,10.644742535698832,3.9537000910391464,7.361165301079464,51.03394459617635,13.681883209780205
3,64,31.71,74.61368653421634,14.695679596341849,0.0,0.0,42.363449992678284,26.81212476204422
5,64,23.0,81.65217391304348,11.217391304347826,1.103896103896104,1.4805194805194806,47.68831168831169,22.181818181818183
9,64,16.88,85.07109004739335,9.24170616113744,2.1414821944177094,3.2242540904716073,52.46631376323387,16.89124157844081
17,64,15.39,88.23911630929175,6.172839506172839,1.9501240988062878,3.0611038884292636,55.218059331048345,14.868218886656424
33,64,14.11,89.58185683912119,6.591070163004961,2.153917801839562,3.376411689370125,55.12865292816394,13.84328792641751
65,64,13.38,91.18086696562034,5.306427503736921,1.9395058877857307,3.0824290002308934,56.36111752482106,11.660124682521356
129,64,13.51,90.67357512953367,5.773501110288675,2.18522372528616,3.4801711180483292,57.50953867499133,11.423285929009134
3,128,23.02,76.2380538662033,9.860990443092962,0.0,0.0,46.40166276955053,20.784619381657574
5,128,14.94,79.85274431057564,5.622489959839357,0.34093581001645895,0.49376910416176817,49.012461791676465,16.929226428403478
9,128,10.82,86.69131238447319,4.5286506469500925,0.9867683337071091,1.401659564924871,55.404799282350304,13.198026463332585
17,128,9.25,91.67567567567568,4.108108108108108,1.2451790633608815,1.7851239669421488,58.71074380165289,9.983471074380166
33,128,8.04,92.28855721393035,2.36318407960199,0.772074815137016,1.087429317094389,60.24358416702914,11.624619399739016
65,128,7.71,90.92088197146563,2.594033722438392,1.0835410120273052,1.3869324953949507,62.9645682089067,9.220934012352368
129,128,7.27,92.98486932599724,2.4759284731774414,0.9705596894208993,1.46662353068047,62.94618785721988,8.530141270354793
