voters,alternatives,condorcet,borda_picks_condorcet,plurality_picks_condorcet,all_agree,borda_and_copeland,borda_and_plurality,copeland_and_plurality
3,2,100.0,100.0,100.0,-1,-1,-1,-1
5,2,100.0,100.0,100.0,-1,-1,-1,-1
9,2,100.0,100.0,100.0,-1,-1,-1,-1
17,2,100.0,100.0,100.0,-1,-1,-1,-1
33,2,100.0,100.0,100.0,-1,-1,-1,-1
65,2,100.0,100.0,100.0,-1,-1,-1,-1
129,2,100.0,100.0,100.0,-1,-1,-1,-1
3,4,89.46,91.8622848200313,71.10440420299575,0.0,0.0,0.0,100.0
5,4,86.69,90.42565463144538,61.28734571461529,0.0,16.829451540195343,0.0,57.25018782870023
9,4,84.55,88.44470727380248,62.306327616794796,0.0,27.831715210355988,0.0,44.14239482200647
17,4,83.3,88.07923169267707,61.86074429771908,0.0,34.191616766467064,0.0,32.215568862275454
33,4,83.15,87.01142513529766,62.03247143716175,0.0,40.0593471810089,0.0,22.077151335311573
65,4,82.21,86.81425617321493,62.44982362243036,0.0,41.09050028105678,0.0,16.076447442383362
129,4,82.61,86.59968526812735,63.55162813218739,0.0,44.39332949971248,0.0,11.500862564692351
3,8,72.52,83.06674020959736,46.81467181467182,0.0,0.0,23.726346433770015,68.3406113537118
5,8,65.98,83.767808426796,47.48408608669294,5.761316872427984,18.66549088771311,25.455614344503235,34.74426807760141
9,8,63.44,84.15825977301387,41.14123581336696,5.2789934354485775,16.87636761487965,27.35229759299781,37.5
17,8,61.23,84.20708802874408,40.699003756328594,6.603043590404953,21.846788754191383,28.062935259221046,28.630384317771473
33,8,58.98,84.45235673109529,38.69108172261784,6.704046806435884,23.671379814724524,26.011701608971233,26.18235007313506
65,8,58.96,84.4640434192673,38.85685210312076,7.675438596491229,26.48635477582846,27.509746588693957,22.880116959064328
129,8,58.87,84.33837268557839,39.069135383047396,7.585703865791393,25.723316314125945,28.7381473377097,19.572088499878433
3,16,56.65,77.5639894086496,31.54457193292145,0.0,0.0,35.155709342560556,46.06689734717416
5,16,48.6,80.67901234567901,32.86008230452675,4.533073929961089,9.43579766536965,37.95719844357976,33.13229571984436
9,16,42.7,83.81733021077284,25.48009367681499,5.4101221640488655,10.68062827225131,39.52879581151832,29.598603839441534
17,16,39.89,84.5826021559288,23.263975933818,5.989020129762103,12.310763600066545,42.8880385959075,24.3387123606721
33,16,38.23,84.59325137326707,22.600052314935915,5.6823700825643515,12.821758135016998,40.58604500566618,23.425611138092926
65,16,38.11,84.30858042508528,22.38257675150879,6.253029568589433,14.105671352399419,41.37986750686702,20.633381806430766
129,16,37.19,84.86152191449314,22.210271578381285,6.47985989492119,14.790638433370482,42.14297086451202,18.818659449132305
3,32,41.8,75.2153110047847,21.076555023923447,0.0,0.0,39.36426116838488,34.74226804123711
5,32,33.59,79.22000595415301,20.24412027389104,2.605029363047734,3.990362897154043,44.11986146664659,27.902424333684685
9,32,26.82,84.52647278150633,18.26994780014914,3.8535118884941237,6.272205520634053,48.14156873462695,20.49740366220279
17,32,25.28,86.15506329113924,12.06487341772152,3.1718415417558883,5.473768736616702,49.03640256959314,21.895074946466806
33,32,23.26,87.66122098022356,12.596732588134135,3.4532186604117805,6.437320823560073,50.599426635392234,18.256450351837373
65,32,22.54,87.97692990239574,10.381543921916593,3.5889491350374385,6.764781822876323,50.55512522592306,15.220759101471728
129,32,22.55,88.0709534368071,10.997782705099779,4.157520981278244,7.243382827630729,52.085216268560366,14.112330535829567
3,64,31.96,74.84355444305382,13.76720901126408,0.0,0.0,42.915931804820694,26.116990005878893
5,64,23.05,79.82646420824295,10.715835140997832,1.01364522417154,1.6374269005847955,48.044184535412604,22.053281351526966
9,64,17.66,84.37146092865233,11.494903737259342,2.161768277872237,3.206218119990284,52.465387418022836,16.57760505222249
17,64,15.3,87.3202614379085,5.816993464052287,1.971664698937426,2.845336481700118,55.02951593860684,14.817001180637543
33,64,13.91,90.86987778576564,7.4047447879223585,2.0095249157858057,3.217563015448949,57.6373562550819,12.881867812754095
65,64,13.72,91.47230320699708,4.591836734693878,1.7964765878535003,2.920723226703755,57.637923041261004,11.856745479833101
